# Threads,MVCC (W1)-AL-BACKOFF-HT [T1],MVCC (W1)-AL-BACKOFF-HT [T2],MVCC (W1)-AL-BACKOFF-HT [T3],MVCC (W1)-AL-BACKOFF-HT [T4],MVCC (W1)-AL-BACKOFF-HT [T5],MVCC (W1)-HT [T1],MVCC (W1)-HT [T2],MVCC (W1)-HT [T3],MVCC (W1)-HT [T4],MVCC (W1)-HT [T5],MVCC (W1)-AL [T1],MVCC (W1)-AL [T2],MVCC (W1)-AL [T3],MVCC (W1)-AL [T4],MVCC (W1)-AL [T5],MVCC (W1)-NOEXP [T1],MVCC (W1)-NOEXP [T2],MVCC (W1)-NOEXP [T3],MVCC (W1)-NOEXP [T4],MVCC (W1)-NOEXP [T5],MVCC (W1)-BACKOFF [T1],MVCC (W1)-BACKOFF [T2],MVCC (W1)-BACKOFF [T3],MVCC (W1)-BACKOFF [T4],MVCC (W1)-BACKOFF [T5],MVCC (W1) [T1],MVCC (W1) [T2],MVCC (W1) [T3],MVCC (W1) [T4],MVCC (W1) [T5]
1,59484.63,59948.74,59850.54,60188.07,60251.13,80707.44,81078.26,81187.07,80917.15,81179.94,67062.65,67098.57,67314.92,67019.11,66841.13,94842.82,94706.31,94607.80,92376.90,94318.39,93660.01,93664.70,92851.70,92798.62,93460.27,93334.47,92496.75,92932.07,93380.73,93375.44
2,72711.77,71884.81,75234.91,70983.87,72028.93,117560.54,117994.07,118199.46,118074.50,117511.51,79240.40,80004.38,79940.76,80086.36,80015.34,135058.28,134155.17,134404.54,135090.69,134622.00,138833.20,137901.99,137996.78,138172.07,138488.85,136578.49,136606.02,136499.59,136450.68,136435.62
4,98666.24,99352.60,100335.90,99804.47,99115.64,176768.71,176853.00,176795.02,176575.45,177193.79,106058.36,106396.75,102596.05,106441.69,100521.41,192854.40,191390.88,194687.34,193939.46,193924.84,214406.98,214552.98,215726.32,214664.27,216250.48,204323.71,203779.88,202926.33,204813.15,204532.85
12,98368.98,99311.13,98928.61,98654.28,98896.45,238674.59,238496.49,238542.16,237589.09,238889.32,120175.27,120957.14,123535.52,126821.08,110701.80,245030.85,244212.55,245140.69,244215.65,245915.99,335912.40,337686.85,336963.46,334713.02,336484.13,274136.39,272857.64,273750.91,273897.87,273380.66
24,77547.55,75566.26,75985.06,75487.91,75424.24,258998.15,259045.41,258870.23,259809.71,259372.89,116757.03,107349.09,108625.62,108616.20,116239.76,235810.16,234315.18,235232.39,236071.05,237633.99,173484.37,177490.05,217033.50,184376.93,174039.88,297016.79,296055.76,297288.70,296495.61,296308.47
32,62768.66,65971.44,59687.33,65671.88,66349.52,264822.42,265058.34,265708.97,264413.41,264667.20,102191.04,98323.41,97312.28,99257.91,98673.41,229266.65,229798.68,229716.84,223170.18,229016.52,135157.79,141520.28,137811.24,142464.08,141689.66,303219.69,302333.52,302560.91,302840.97,303275.52
40,52402.64,50860.44,52280.63,54435.28,54069.45,201225.93,245117.30,251587.43,222660.82,216248.48,86601.37,88826.10,86524.32,88778.01,87911.54,201865.88,208848.41,211930.46,210492.66,211948.03,110703.23,121252.66,114745.74,115203.10,120499.65,272976.09,271557.12,287893.23,284695.30,289424.13
48,39848.78,43702.61,43548.67,40789.06,43985.52,237700.76,234315.06,204021.72,225863.11,237544.10,80331.44,75313.03,73226.56,78533.05,77642.26,190202.90,189342.14,191017.03,190726.19,190250.65,102264.08,99878.78,103940.02,103506.75,102862.17,254397.91,229719.47,268964.40,252878.75,272874.38
64,30612.73,32650.60,30816.72,30741.26,29165.35,206456.72,183279.77,189456.96,198333.40,170399.03,59398.20,57648.11,58995.96,60511.07,59531.08,175799.00,174398.67,176904.45,175964.63,176931.62,84309.35,83874.12,85993.40,82839.00,83643.59,217800.55,210256.84,228209.50,227035.39,244341.56
