# Threads,TicToc (W1) [T1],TicToc (W1) [T2],TicToc (W1) [T3],TicToc (W1) [T4],TicToc (W1) [T5],TicToc (W4) [T1],TicToc (W4) [T2],TicToc (W4) [T3],TicToc (W4) [T4],TicToc (W4) [T5],TicToc (W0) [T1],TicToc (W0) [T2],TicToc (W0) [T3],TicToc (W0) [T4],TicToc (W0) [T5]
1,136276.63,137229.06,137249.31,138330.84,138665.54,141662.31,144732.69,141517.08,142312.44,146074.52,137713.10,138733.59,138689.92,136730.91,136981.15
2,226503.93,227940.39,229670.37,222960.35,230965.00,267650.52,264854.94,264126.25,264148.21,265473.15,254229.77,253864.33,255190.81,256003.04,256182.21
4,410367.25,412068.70,412286.09,413134.67,411530.27,499594.08,499957.67,500490.71,501334.64,500294.30,495776.78,500330.64,500492.65,501138.12,501352.51
12,627936.08,627366.81,624302.72,629470.91,631887.47,1152676.42,1155938.85,1146973.98,1158222.23,1155360.32,1353903.40,1344746.62,1356085.92,1355228.92,1353894.25
24,612395.06,616065.02,616964.35,610253.77,615175.54,1752697.74,1755545.37,1756311.95,1755649.74,1756013.44,2547283.98,2547506.04,2552279.02,2553098.65,2551032.11
32,600151.43,594334.48,598153.17,597769.54,600976.08,1928473.08,1927768.07,1918744.88,1931609.40,1928995.98,3225901.83,3266187.52,3267258.02,3270852.97,3257567.73
40,549207.28,550791.06,545181.79,549239.94,546720.45,1825065.17,1830292.08,1833009.29,1825298.12,1835749.22,3430181.08,3408436.31,3421916.75,3429857.90,3427910.32
48,509638.33,510324.83,508969.63,508900.19,508678.60,1751382.96,1747903.66,1744806.80,1737849.76,1747755.85,3553346.77,3554765.10,3548465.88,3555092.71,3545653.06
64,446651.87,445591.76,448801.43,446277.81,449354.49,1601487.37,1597571.47,1599939.84,1600662.82,1598963.06,3840493.17,3828880.49,3832411.04,3813161.12,3819077.03
