# Threads,MVCC (B) [T1],MVCC (B) [T2],MVCC (B) [T3],MVCC (B) [T4],MVCC (B) [T5],OCC (B) [T1],OCC (B) [T2],OCC (B) [T3],OCC (B) [T4],OCC (B) [T5],TicToc (B) [T1],TicToc (B) [T2],TicToc (B) [T3],TicToc (B) [T4],TicToc (B) [T5],MVCC (A) [T1],MVCC (A) [T2],MVCC (A) [T3],MVCC (A) [T4],MVCC (A) [T5],OCC (A) [T1],OCC (A) [T2],OCC (A) [T3],OCC (A) [T4],OCC (A) [T5],TicToc (A) [T1],TicToc (A) [T2],TicToc (A) [T3],TicToc (A) [T4],TicToc (A) [T5]
1,197623.89,213948.90,199306.84,222012.57,198802.66,322239.73,322938.34,321849.54,375244.79,370599.71,340836.34,325012.63,319873.26,339424.41,323515.59,118127.27,117288.24,112416.71,118312.91,118734.08,256810.00,283752.66,255783.72,257399.09,282555.30,259943.64,250902.34,260156.18,271827.54,242124.50
2,367893.12,364996.79,371744.14,364689.82,364261.25,659821.71,662107.55,624379.36,655881.16,649911.03,598115.32,603479.35,600299.26,623622.67,605125.68,148111.51,147034.58,148053.64,148559.90,147806.43,368528.16,363545.70,367732.59,360457.26,360844.13,365171.31,364476.31,362144.74,359529.83,363429.51
4,764924.58,762700.83,762908.51,761459.28,762322.09,1343126.30,1362366.12,1346112.74,1349840.36,1327538.31,1295583.73,1340896.43,1262675.60,1256873.03,1328996.35,239125.38,238260.25,238982.79,238399.83,238427.14,491008.99,496741.42,500003.51,498644.78,493850.14,497064.63,493316.63,491700.50,499854.10,495751.11
12,2063468.11,2058108.62,2060541.04,2076599.92,2073978.46,3736327.22,3724815.09,3812309.37,3831872.19,3832695.11,3684457.70,3649791.40,3632045.09,3668121.33,3658952.39,332317.66,333165.27,333294.79,333258.84,333787.08,580606.83,576264.08,578506.90,574406.52,572180.95,572718.09,569210.17,574957.96,567255.17,573857.85
24,3595581.97,3605022.74,3563590.01,3568496.61,3603413.89,6528372.85,6722530.14,6665931.18,6590473.37,6815965.14,6426480.32,6468656.40,6366705.74,6385959.75,6399515.28,355714.96,357614.59,357736.81,356122.43,357779.86,606883.50,609461.06,600940.64,606509.31,608457.47,599478.06,604096.33,599935.89,600739.59,605457.44
32,4378579.68,4361830.35,4403905.12,4363671.48,4410760.88,8316107.12,7916935.55,8356711.36,8045270.11,8300796.88,7664580.25,7472675.17,7663753.82,7688471.45,7725561.92,363007.25,363179.74,362268.54,363412.88,363170.58,618737.30,614005.33,615103.37,616986.26,619775.35,613142.22,609907.80,608514.12,605535.28,610424.56
40,4700973.30,4665125.21,4680657.22,4682758.57,4695298.11,8487194.42,8499277.67,8429884.35,8382498.63,8274765.82,8124484.17,8377391.13,8092367.15,8080909.11,8027099.92,357403.08,357795.32,357853.79,357397.15,356320.43,576995.43,584208.39,574889.06,581413.48,580603.55,577601.90,575851.06,578488.77,576526.23,574467.89
48,5021953.52,4940419.51,4943456.22,5064772.00,4939827.47,9065144.43,8762550.17,8908623.95,8830646.61,8926167.05,8761436.22,8510247.61,8596312.31,8373290.96,8437606.56,349960.60,349968.86,347838.80,349483.11,350048.36,542292.72,547003.40,540393.87,544676.31,544182.37,543935.45,540143.17,545147.83,538498.30,539089.47
64,5625874.79,5594496.66,5419351.88,5621144.13,5430423.41,9543559.95,9348200.21,9524161.78,9590920.04,9505661.07,8750791.91,9102203.98,8917089.40,9043201.84,8845637.06,327205.15,326888.59,327323.09,328344.43,326677.62,473590.94,472179.49,474503.85,473692.93,475639.03,480260.63,481873.66,480546.06,480383.70,482535.73
